8 4 15 -5 23 -38 21 19 -1 -27 15 4 -73 -11 11 16 5 13 -38 21 -3 -64 0 10 -8 9 -20 -39 34 2 11 -28 9 1 26 15 -55 -32 -3 -56 -66 -84 6 23 8 14 0 -51 -23 30 -93 25 -58 -53 -37 17 -38 18 -57 -36 -58 -39 -55 -45 23 5 11 7 -1 9 -34 6 28 -91 -5 21 29 -72 23 -31 12 62 -7 -39 15 -1 47 -38 0 -37 -31 11 -37 -1 -16 30 12 0 18 12 18 55 19 11 33 -36 -10 -6 14 12 -71 9 12 0 10 -45 -57 18 -32 13 4 -14 -42 23 0 34 22 -40
-81 9 -90 22 23 -32 -38 -32 31 -56 -2 15 30 -88 -22 21 6 8 -22 -43 -68 46 -61 -49 -14 15 13 -49 -7 16 -54 22 27 18 -18 19 24 14 28 -47 30 -17 29 24 -40 -92 -1 -87 98 -19 -44 -21 13 8 -62 -18 18 4 13 45 30 -54 18 -102 -54 -60 -38 23 -1 18 -79 -80 -10 -8 33 -81 -50 19 -74 14 31 -8 24 23 27 0 -21 -60 -2 -24 29 -89 -37 -1 12 -87 -48 -1 -100 -10 24 -13 -51 -65 -36 26 -30 19 29 -33 24 -70 -1 -1 -18 -43 -50 -72 22 -18 -25 6 -123 -1 -1 12 -56 -40
-59 1 16 -4 -19 4 23 16 0 13 -1 4 -12 29 14 6 29 -1 15 -23 -53 37 14 16 13 14 10 -67 -24 12 27 -41 9 9 -8 11 -5 -90 -34 -27 28 -94 -46 12 -38 9 0 -65 -89 -29 -17 3 14 18 -26 18 -38 15 17 25 -1 -52 9 -38 14 17 17 8 -1 -43 -7 4 -66 -83 -49 5 25 26 -27 9 -16 -15 20 -66 9 -1 -36 -76 0 18 -31 17 -62 0 7 -37 13 -1 5 15 11 -47 -29 11 -11 22 14 12 14 19 6 10 -2 0 -84 16 -90 35 2 7 3 3 3 14 0 12 8 20
12 -2 6 -2 17 -17 15 11 -5 -40 2 -1 9 -5 8 16 -4 6 18 16 -50 -76 -48 4 10 10 2 -36 -31 7 -82 -68 7 5 -27 9 -5 17 -78 9 21 32 10 15 19 20 -1 11 -51 -23 -65 18 7 13 -18 10 -42 -45 18 -28 27 -45 -75 -20 19 8 -31 6 0 8 -52 -65 -32 12 -71 -68 20 15 -59 19 12 -40 8 -10 10 0 -55 4 0 -30 18 -1 -28 0 -3 22 6 0 13 10 10 -38 21 5 -4 -4 -2 -25 9 -30 2 4 9 0 -17 10 63 29 5 9 12 0 -20 1 -1 -35 10 -25
19 7 -25 -3 -15 -35 -42 25 14 26 4 10 -30 -19 20 -61 47 18 26 24 12 -26 10 14 14 -97 11 33 -22 -84 -6 21 14 5 -30 -13 -52 3 -15 19 -64 -14 16 30 3 -82 -1 18 -49 -15 -50 -27 -50 -58 -5 23 -16 24 -51 15 -10 65 10 19 -26 -82 -64 21 -1 -21 6 7 -17 13 1 6 -2 -52 11 27 23 -14 -36 13 -35 -1 -30 28 0 -46 -17 -54 20 -1 7 -58 -7 0 -91 -60 -38 -7 -55 -88 -27 58 22 -72 -58 19 -44 8 2 0 15 30 -35 -27 12 -10 18 9 -56 8 -1 26 -45 15
15 11 8 9 22 42 -28 -40 22 -19 6 10 23 -2 17 -23 3 -44 -6 14 4 -6 26 10 27 -12 15 -33 -12 18 -41 -58 10 1 -25 -50 7 7 27 17 -47 26 4 -23 28 21 0 1 -21 -75 -59 14 3 -20 2 20 27 -53 -34 -7 -31 1 -75 6 16 26 30 11 -1 27 -20 18 -44 16 18 -20 -75 -62 20 -93 4 -98 -11 0 -4 0 -37 4 -1 1 -16 24 -52 -1 -73 18 16 -1 -15 22 -52 -78 19 11 9 -17 -3 -53 18 -3 5 7 -15 -1 14 23 -33 -71 -116 0 1 12 -37 8 0 -38 -36 -19
21 1 -17 -3 14 -25 18 -15 5 26 9 1 25 35 13 12 -36 9 20 -67 21 -52 9 10 6 -71 -47 26 -32 11 20 25 8 -1 5 13 29 -41 29 21 -72 -65 18 17 -49 -22 0 -77 -35 34 -16 -2 -71 12 -65 22 -28 14 17 -68 -49 -70 10 -98 -12 -55 31 11 1 21 34 10 39 -31 27 21 -15 -66 -20 -71 21 -41 3 -70 17 0 -55 14 0 -41 -29 -8 31 0 8 -44 15 -1 -75 19 -27 -49 -58 16 -17 -6 4 20 -52 19 10 9 5 -1 21 -28 -53 -82 3 21 -2 0 -42 -2 0 -35 18 6
22 4 -36 -1 -20 48 -43 20 -23 -41 -2 8 7 -23 18 -12 32 -51 15 20 2 -6 10 -55 13 13 5 14 40 2 -52 11 8 -5 50 23 -56 5 -52 -46 29 -44 13 15 16 -68 -1 18 -94 -29 66 -42 11 -2 -18 22 -33 24 27 21 -24 -31 9 12 16 16 -38 10 1 8 -72 -62 -24 -79 -34 -50 -45 19 6 14 17 -59 22 24 11 -1 -34 2 -1 -29 10 -46 18 1 7 -13 -35 -1 23 -31 8 21 18 14 23 -46 -2 14 22 19 -24 -80 22 -1 21 -17 -64 -28 6 -29 1 2 38 -55 -1 -19 -41 -88
11 -2 5 15 13 -48 -58 22 5 -89 17 -1 4 -24 3 8 -34 10 21 -12 12 -69 2 6 -4 7 3 6 -39 3 -38 -46 3 7 -29 8 -1 6 3 9 -78 -108 8 9 -84 23 0 -40 -65 -8 -35 19 5 2 -27 18 23 17 -30 -65 -4 -33 12 5 16 7 -33 -2 0 -16 -60 17 -45 7 6 16 -22 9 10 14 8 -56 6 3 9 1 -65 9 1 24 9 11 -52 0 7 -11 9 -1 14 -5 10 -64 -31 8 -16 -17 -1 7 7 -48 4 12 7 0 7 12 -104 -58 12 4 0 -1 -18 2 -1 23 15 11
-59 2 35 8 1 -86 -19 8 -82 18 11 -1 18 -38 6 28 -62 23 9 3 3 -58 3 5 6 13 0 5 -67 14 23 17 7 4 -71 -39 -59 13 -34 7 -115 3 8 10 11 -53 -1 15 -35 -13 -80 -17 16 -53 30 7 -19 8 -8 13 -10 -90 6 22 32 -62 -33 12 -1 18 12 9 -28 19 -6 5 -23 -76 2 4 9 4 -50 19 24 1 1 12 -1 -84 17 24 6 -1 5 -30 -33 -1 17 -23 -36 -10 15 14 -11 -127 8 16 -60 9 -46 11 12 -1 3 -34 -60 -21 3 -14 9 4 18 1 0 23 -40 17
