-2 -34 13 17 5 -61 -36 22 -10 24 43 29 16 14 -63 -28 -17 -40 -8 -32 15 15 -18 -49 -9 -48 -12 -4 -49 9 -67 26 -16 -1 6 -1 -37 -36 -16 24 9 -8 -68 -46 0 4 -32 -27 -14 -34 4 -15 -65 -79 11 3 -32 18 -36 -28 -59 4 -54 -42 -73 6 10 -30 -58 33 15 20 7 -2 -9 -65 -26 -12 10 -52 9 10 27 25 32 -47 -50 -15 -9 17 -78 -55 33 -23 -35 -48 13 4 18 7 27 -37 -39 5 -14 -79 12 -34 1 -23 -24 16 3 -50 30 -64 20 -36 -2 10 19 -27 -21 -38 16 -47 21 12
1 22 49 29 -10 -60 16 -30 -28 -34 33 34 -28 -36 -61 -50 3 5 -3 -48 -7 -30 -58 -52 28 15 -46 -17 -35 -24 -17 -33 34 56 23 -46 17 14 12 34 -30 29 14 12 -22 15 -36 -41 -96 39 10 16 4 37 -30 -34 -11 22 -18 -30 17 -61 14 8 -47 -17 11 5 7 39 35 25 -60 55 -55 -3 -2 14 72 -37 -12 -28 20 -43 30 49 -38 13 -2 -20 15 4 30 -2 -25 -45 -20 -19 -38 36 -25 -35 10 11 46 -56 -54 -73 15 23 -5 28 -13 26 14 22 -15 22 -20 -44 -60 38 -28 7 35 -36 -16 -54
7 12 -48 -55 -47 -70 -5 -2 11 16 -90 -11 -10 4 18 -35 -52 -41 41 -15 20 -7 -1 -59 1 15 22 -6 -71 45 -27 6 -11 -49 22 20 7 11 16 -39 -36 -37 -28 -19 26 -20 -4 13 23 -111 27 2 -60 29 -17 -1 7 12 10 -30 -51 -13 -6 38 -51 18 10 7 -32 7 2 -29 -75 -30 44 10 12 -8 -33 1 -37 -2 18 -19 -33 -11 33 5 -8 -33 23 13 38 32 -24 0 18 9 15 -46 6 12 15 19 -11 -20 37 -8 -10 -36 -32 11 13 -12 -30 -80 18 12 12 -55 1 5 15 -40 -53 21 -26 12
23 -32 14 5 -9 13 10 3 0 9 39 -40 -70 7 -7 15 17 -76 -30 -21 5 12 14 87 14 3 -24 -7 -19 -25 -95 4 -23 -72 2 5 -17 -13 5 -69 -16 48 -49 6 5 -52 14 -42 -6 32 -28 7 11 -10 -1 11 3 -20 -50 30 -72 19 7 -36 51 -43 13 -27 19 -47 -50 -44 -51 14 -58 7 -38 18 18 22 6 -25 12 -11 -60 30 0 17 1 -86 -72 5 10 17 15 -52 30 -17 -23 35 -29 -61 13 10 -85 -83 -37 30 3 -57 4 18 2 9 -21 8 -1 15 3 25 3 18 -46 -49 32 -61 1 -29
-10 -60 -32 17 21 9 18 6 16 13 -49 -37 7 19 8 -37 -5 13 -13 23 -11 36 4 -14 -16 -92 7 1 13 25 25 -57 13 11 2 -34 10 -52 6 -24 5 44 -15 7 13 -63 -8 3 3 41 17 12 0 -40 -3 29 9 3 -7 -75 -73 -30 21 -53 -46 14 -54 5 20 -23 42 -26 -8 -8 9 -49 6 -40 28 -56 -58 -13 -70 0 -47 13 -13 15 -84 -43 -8 -5 -37 -83 25 22 -59 -11 -10 -24 0 14 -40 -60 32 -61 -27 -25 -80 27 -20 14 16 10 27 -19 -2 -5 14 14 -97 -84 -92 15 -39 -56 13 -11
-30 25 9 -2 -33 24 11 -10 10 0 65 1 -5 10 30 23 22 2 43 14 11 -3 29 -105 -45 -30 13 -7 -54 -17 -47 4 -72 61 -46 -23 -32 -5 -46 11 -3 -48 9 -12 13 14 3 25 12 0 -65 -79 9 11 -38 -43 8 -73 0 -58 30 9 -11 32 13 -63 -17 -44 20 0 20 4 15 34 20 11 11 11 10 23 23 8 -6 -37 42 29 -2 4 -5 -41 55 -10 9 -29 5 38 -52 35 4 -68 -27 -58 -70 11 -53 -87 -1 -19 9 21 8 25 11 10 -22 -55 20 -99 -24 -8 8 12 61 4 7 41 2 3
9 21 23 -4 -80 -65 -19 9 -1 16 22 -1 8 -17 -86 -66 7 -8 -54 -55 -18 -14 -24 -37 -25 -30 15 -1 28 19 4 -53 13 0 -7 0 5 39 -53 18 26 -9 21 0 -61 3 -25 -5 23 -32 14 -28 12 27 9 -32 11 27 -6 -27 30 16 -60 -61 44 3 10 -58 -20 -50 -41 19 26 -5 -49 -18 14 -51 -13 -9 13 8 -65 21 -17 -24 -59 3 17 23 3 -48 -45 25 -82 -27 1 -27 -6 20 -51 13 -63 6 -25 -42 -5 38 -18 -1 35 30 7 -72 -61 -11 -36 -35 6 16 -15 23 19 24 11 34 -41 -14
-86 39 -38 -12 28 -5 6 -46 7 18 26 -46 25 -36 5 -6 24 -10 -40 18 -54 -36 29 -46 10 40 -61 11 10 -65 33 -7 -51 -37 -7 13 -59 -13 9 -26 20 -3 36 5 11 -11 -8 -7 -1 -35 7 -1 -44 20 11 -24 8 -35 -50 14 -19 1 -6 45 8 -9 -5 -61 3 43 14 86 -65 -68 -14 14 -44 5 45 9 -79 -6 -53 20 3 -6 -37 13 -37 -41 -18 24 29 23 20 -46 -1 -5 3 24 33 16 4 -64 8 41 22 -18 -12 -65 14 9 -41 10 -17 10 -36 -45 -14 0 -6 12 -16 12 -53 -61 38 -4
-9 -29 -50 28 -17 5 8 4 7 21 -18 -48 -55 10 -88 -81 19 14 -82 22 -60 -6 20 -111 20 1 13 -8 2 -67 -56 14 -54 -83 19 9 -28 -60 8 -63 4 -87 18 8 -9 15 15 4 -41 -78 14 -41 14 6 -58 -30 8 10 9 -55 -22 8 18 -97 -21 1 12 19 -45 -48 -52 -74 -10 -86 -50 4 11 6 -53 -37 15 3 -35 0 -21 -48 -3 6 15 24 -41 12 -60 -78 19 -74 -16 -2 10 4 -15 15 3 9 18 -59 5 -25 22 9 -52 -53 12 1 1 -37 4 -15 14 6 1 -28 -16 14 -11 -50 16 3
-28 -68 -13 11 -44 9 -52 -12 -32 5 -22 22 5 11 14 18 8 27 27 19 14 0 18 -64 11 -109 10 -2 13 14 -94 -7 -115 33 2 -3 34 51 3 -38 -59 -4 -50 -22 7 15 20 18 21 1 7 9 12 -64 7 22 -50 14 -28 6 -33 9 16 -43 -82 10 -40 1 -53 -21 -71 -67 17 37 12 -42 -43 12 -52 -51 -28 4 33 7 -23 -66 25 -67 -34 17 -47 -79 -75 -127 -17 7 11 -11 10 14 -73 6 7 -42 -76 14 -82 9 9 -42 8 -101 14 20 0 17 5 30 7 -15 3 32 30 -24 11 -35 6 -1
